13.877987050000002
14.314994740000001
13.73231782
12.71263321
11.692948600000001
11.255940910000001
10.964602450000001
10.67326399
10.38192553
14.6063332
14.169325510000002
14.314994740000001
12.858302440000001
11.984287060000002
10.81893322
10.81893322
10.81893322
10.67326399
14.169325510000002
14.314994740000001
13.877987050000002
11.83861783
10.964602450000001
10.09058707
10.527594760000001
10.09058707
10.2362563
14.6063332
14.169325510000002
13.29531013
12.421294750000001
11.692948600000001
11.40161014
11.54727937
10.67326399
10.527594760000001
13.73231782
13.877987050000002
13.73231782
12.56696398
10.67326399
10.2362563
9.36224092
8.92523323
9.799248610000001
14.023656279999999
14.314994740000001
14.169325510000002
11.692948600000001
10.81893322
10.2362563
10.81893322
10.2362563
10.964602450000001
14.169325510000002
15.043340890000001
14.314994740000001
13.149640900000001
11.984287060000002
10.67326399
10.527594760000001
9.799248610000001
9.94491784
11.11027168
11.54727937
11.984287060000002
11.255940910000001
12.421294750000001
13.73231782
10.38192553
12.12995629
12.71263321
10.964602450000001
11.692948600000001
12.858302440000001
9.94491784
11.11027168
12.71263321
10.964602450000001
12.71263321
13.877987050000002
10.09058707
10.2362563
11.54727937
13.586648590000001
13.149640900000001
12.858302440000001
12.12995629
10.81893322
10.2362563
10.09058707
9.94491784
9.94491784
13.44097936
13.149640900000001
13.44097936
12.12995629
10.964602450000001
10.527594760000001
10.38192553
10.09058707
10.2362563
14.75200243
14.46066397
13.73231782
11.984287060000002
11.40161014
10.527594760000001
9.50791015
9.50791015
10.2362563
14.314994740000001
14.314994740000001
13.44097936
12.858302440000001
12.56696398
11.692948600000001
10.2362563
9.50791015
10.09058707
14.314994740000001
13.877987050000002
12.56696398
11.692948600000001
11.40161014
11.40161014
10.67326399
10.67326399
10.81893322
14.169325510000002
13.877987050000002
14.169325510000002
13.29531013
13.00397167
12.27562552
10.964602450000001
10.67326399
10.2362563
14.897671660000002
14.75200243
13.00397167
12.421294750000001
12.27562552
11.984287060000002
11.255940910000001
10.67326399
11.11027168
15.626017810000002
15.48034858
14.169325510000002
13.29531013
13.00397167
11.83861783
10.81893322
10.38192553
9.799248610000001
13.877987050000002
15.18901012
13.73231782
11.984287060000002
11.984287060000002
10.964602450000001
10.2362563
9.94491784
9.94491784
13.586648590000001
14.46066397
12.56696398
11.54727937
11.11027168
11.255940910000001
10.527594760000001
10.09058707
10.2362563
14.169325510000002
14.75200243
15.043340890000001
14.023656279999999
13.586648590000001
11.692948600000001
10.964602450000001
10.964602450000001
9.94491784
14.314994740000001
14.023656279999999
13.149640900000001
13.44097936
12.858302440000001
11.692948600000001
10.964602450000001
9.94491784
10.38192553
10.81893322
11.255940910000001
12.858302440000001
10.81893322
11.692948600000001
13.149640900000001
10.964602450000001
11.692948600000001
12.858302440000001
10.527594760000001
11.40161014
14.023656279999999
11.40161014
11.54727937
12.858302440000001
10.81893322
11.54727937
14.023656279999999
12.56696398
12.27562552
13.877987050000002
10.527594760000001
12.421294750000001
12.71263321
10.527594760000001
12.27562552
12.71263321
10.527594760000001
11.692948600000001
13.149640900000001
10.38192553
11.54727937
12.421294750000001
10.81893322
12.12995629
12.858302440000001
